#Fibonacci
#n time_s_avg time_s_std (for 3 trials)
1 2.0000928392012915e-06 8.831300859442726e-07
2 1.7000517497460048e-06 7.788641358727645e-07
3 1.5333450088898342e-06 5.435687009502388e-07
4 1.4333830525477727e-06 5.436305632757384e-07
5 1.7000517497460048e-06 8.48589482568283e-07
6 1.4333830525477727e-06 5.436305632757384e-07
7 1.4667554448048274e-06 5.184940426183943e-07
8 1.3666382680336635e-06 5.184940426183943e-07
9 1.4667554448048274e-06 4.497176904458666e-07
10 1.7332689215739567e-06 8.957302882744952e-07
11 1.400010660290718e-06 4.967373984359305e-07
12 1.400010660290718e-06 4.242673099156566e-07
13 2.4999802311261496e-06 5.65799489775153e-07
14 2.2333115339279175e-06 1.189725920026779e-06
15 2.9665728410085044e-06 2.2291174397774537e-06
16 1.7000517497460048e-06 4.899967346667121e-07
17 1.3999330500761669e-06 4.966280115477092e-07
18 1.600012183189392e-06 5.098145109939781e-07
19 1.5666397909323375e-06 6.599164825532602e-07
20 1.866680880387624e-06 1.0873087079285782e-06
21 2.1000547955433526e-06 1.2728567765125992e-06
22 1.4333830525477727e-06 6.128854220959174e-07
23 1.4999726166327794e-06 6.377334138536242e-07
24 1.5333450088898342e-06 5.435687009502388e-07
25 1.66667935748895e-06 8.013937931430359e-07
26 1.8333084881305695e-06 8.956205308564982e-07
27 1.5666397909323375e-06 5.184940426183943e-07
28 3.00002284348011e-06 4.967373984359305e-07
29 2.0667600135008493e-06 8.013389087969722e-07
30 2.6667645821968713e-06 1.4055019021096362e-06
