#Fibonacci
#n time_s_avg time_s_std (for 3 trials)
1 5.6666632493337e-05 5.135538216568447e-05
2 1.9299952934185665e-05 6.351405392976972e-06
3 3.4800032153725624e-05 1.7186668225513816e-05
4 2.2066757082939148e-05 2.5720666701732508e-06
5 2.3533434917529423e-05 9.724350081959727e-06
6 2.5966670364141464e-05 1.4727189938432447e-06
7 4.4633246337374054e-05 2.8939565489789654e-05
8 2.150004729628563e-05 2.3762178312386712e-06
9 2.3166649043560028e-05 2.6612258676340875e-06
10 3.16666749616464e-05 1.3477584479046813e-05
